Entry ID,US entry name,Pos. ID,[Pos. name],Feature ID,[Feature name],Padding #0,Feature value,Ship effect ID,[Ship effect name],Ship effect spirit,Ship effect turns,Padding #1,Padding #2,Padding #3,Ship effect amount,Unknown,Padding #4,Padding #5,Padding #6,Padding #7,[US descr. pos.],[US descr. size],US descr. str.
0,ロレンス,0,Helmsman,4,Quick,0,30,-1,None,-1,-1,0,0,0,0,0,0,0,0,0,3367876,48,航海士。\n船のスピードは技術でも差が出るものだ。
1,ドン,0,Helmsman,6,Dodge%,0,15,-1,None,-1,-1,0,0,0,0,0,0,0,0,0,3367924,52,航海士。\n相手の動きを予測して敵の砲弾をよけるのだ！
2,ブラバム,1,Engineer,2,Defense,0,20,-1,None,-1,-1,0,0,0,0,0,0,0,0,0,3367976,36,機関士。\nエンジンコントロールして
3,ハンス,1,Engineer,3,MagDef,0,20,-1,None,-1,-1,0,0,0,0,0,0,0,0,0,3368012,16,機関士。\n僕が。
4,ベル,2,Gunner,64,Attack: Secondary cannon,0,50,-1,None,-1,-1,0,0,0,0,0,0,0,0,0,3368028,52,砲手。\n重い砲より軽い砲が得意です！がんばります！
5,カシム,2,Gunner,48,Attack: Main cannon,0,35,-1,None,-1,-1,0,0,0,0,0,0,0,0,0,3368080,44,砲手。\nガツンとでかいのをぶち込んでやるぜ！
6,ティカティカ,3,Lookout,81,Hit%: Torpedo,0,80,-1,None,-1,-1,0,0,0,0,0,0,0,0,0,3368124,48,見張り。\nオレ、ドンナ小さな動きも見逃さない。
7,ドミンゴ,3,Lookout,-1,None,0,0,112,Improve Critical% (Ship),6,0,0,0,0,0,0,0,0,0,0,3368172,52,見張り。\nたいていの船は形を見りゃ弱点が分かるぜ。
8,オスマン,4,Merchant,-1,None,0,0,-1,None,-1,-1,0,0,0,0,0,0,0,0,0,3368224,8,商人。
9,カリファ,4,Merchant,-1,None,0,0,-1,None,-1,-1,0,0,0,0,0,0,0,0,0,0,0,""
10,イズレール,5,Builder,96,Attack: S-Cannon,0,100,-1,None,-1,-1,0,0,0,0,0,0,0,0,0,3368232,8,大工。
11,キララ,5,Builder,-1,None,0,0,101,Recover HP to 100% (Ship),7,0,0,0,0,0,1,0,0,0,0,3368240,48,大工。\n私の特製補強材で船の修理をしてあげる。
12,ポリー,6,Cook,-1,None,0,0,117,Recover MP (Ship),6,-1,0,0,0,10,130,0,0,0,0,3368288,52,コック。\n特製スタミナドリンクを用意しておくわね。
13,ウララ,6,Cook,-1,None,0,0,103,Recover Spirit to 100% (Ship),15,-1,0,0,0,0,9,0,0,0,0,3368340,52,コック。\n私が育てたこの薬草で元気を出してください。
14,リュウカン,7,Artisan,-1,None,0,0,105,Add Strengthen (Ship),15,4,0,0,0,0,0,0,0,0,0,3368392,12,鍛冶屋。
15,アルキュミス,7,Artisan,-1,None,0,0,108,Improve parameters (Ship),8,8,0,0,0,50,0,0,0,0,0,0,0,""
16,マルコ,8,Sailor,-1,None,0,0,114,Increase Spirit restoration to 200% (Ship),8,-1,0,0,0,0,0,0,0,0,0,3368404,36,水夫。\n俺がいろいろ手伝ってやるよ。
17,ロビンソン,8,Sailor,-1,None,0,0,113,Decrease Spirit consumption to 50% (Ship),8,0,0,0,0,0,0,0,0,0,0,3368440,8,水夫。
18,パウ,9,Jester,-1,None,0,0,111,Improve First strike% (Ship),4,0,0,0,0,0,0,0,0,0,0,3368448,24,人気者。\nパウパウパウ！
19,メリダ,9,Jester,7,Value,0,10000,-1,None,-1,-1,0,0,0,0,0,0,0,0,0,3368472,36,人気者。\n何がおこるかはヒ・ミ・ツ
20,モエギ,10,Delegate,-1,None,0,0,110,Block magic (Ship),10,0,0,0,0,0,0,0,0,0,0,3368508,40,ゲスト。\n皆さん、がんばってください！
21,ピンタ,10,Delegate,-1,None,0,0,109,Block artillery (Ship),10,0,0,0,0,0,0,0,0,0,0,3368548,44,ゲスト。\nあ！・・・このスイッチなんだろ？
