Entry ID,EU message ID,[DE entry name pos.],[DE entry name size],DE entry name,[ES entry name pos.],[ES entry name size],ES entry name,[FR entry name pos.],[FR entry name size],FR entry name,[GB entry name pos.],[GB entry name size],GB entry name,Ship flags,Padding #0,[Little Jack #1],[Little Jack #2],[Delphinus #1],[Delphinus #2],[Delphinus #3],Feature #0 ID,[Feature #0 name],Padding #1,Feature #0 value,Feature #1 ID,[Feature #1 name],Padding #2,Feature #1 value,Feature #2 ID,[Feature #2 name],Padding #3,Feature #2 value,Feature #3 ID,[Feature #3 name],Padding #4,Feature #3 value,Purchase price,Retail price in %,O. by importance,O. by alphabet,Padding #5,[DE descr. pos.],[DE descr. size],DE descr. str.,[ES descr. pos.],[ES descr. size],ES descr. str.,[FR descr. pos.],[FR descr. size],FR descr. str.,[GB descr. pos.],[GB descr. size],GB descr. str.
440,2150455236,125460,12,Rogue Figur,124809,13,Figura Rogue,125393,17,Fanion du Voleur,122982,13,Rogue Figure,62,0,X,X,X,X,X,3,MagDef,0,20,-1,None,0,0,-1,None,0,0,-1,None,0,0,800,50,0,25,0,106097,85,"Schädel mit gekreuzten Schwertern, Symbol\nder Luftpiraten. Erhöht Magic Resistance.",105231,88,Esta calavera es el símbolo de los Piratas\nAéreos y aumenta la Resistencia a la Magia.,105565,90,"Crâne et épées croisées, symbole des pirates\nde l'Air. Accroît la résistance à la Magie.",104104,95,"A menacing skull with crossed swords, the symbol\nof the Air Pirates. Increases Magic Defense."
441,2150455252,125472,11,Pryn Figur,124822,12,Figura Pryn,125410,13,Symbole Pryn,122995,12,Pryn Figure,62,0,X,X,X,X,X,3,MagDef,0,30,-1,None,0,0,-1,None,0,0,-1,None,0,0,2400,50,1,22,0,106182,87,Stellt einen mystischen roten Vogel dar und hat\nrote Federn. Erhöht Magic Resistance.,105319,91,Representa un pájaro místico de bello plumaje\nrojo que aumenta la Resistencia a la Magia.,105655,91,"Représente un oiseau mystique, décoré de plumes\nrouges. Accroît la résistance à la Magie.",104199,94,"Crafted after a mystical red bird, and decorated\nwith red feathers. Increases Magic Defense."
442,2150455264,125483,13,Pyrynn Figur,124834,14,Figura Pyrynn,125423,15,Symbole Pyrynn,123007,14,Pyrynn Figure,62,0,X,X,X,X,X,3,MagDef,0,45,-1,None,0,0,-1,None,0,0,-1,None,0,0,4400,50,2,23,0,106269,83,"Skulptur, die den mystischen Hüter von Pyrynn\ndarstellt. Erhöht Magic Resistance.",105410,76,Basada en el mítico guardián de Pyrynn.\nAumenta la Resistencia a la Magia.,105746,93,Une sculpture représentant le gardien mythique\nde Pyrynn. Accroît la résistance à la Magie.,104293,80,A sculpture based on the mythical guardian of\nPyrynn. Increases Magic Defense.
443,2150455280,125496,12,Urwal Figur,124848,15,Figura Ballena,125438,16,Symbole Rhaknam,123021,16,Arcwhale Figure,62,0,X,X,X,X,X,3,MagDef,0,60,-1,None,0,0,-1,None,0,0,-1,None,0,0,4640,50,3,4,0,106352,68,"Skulptur eines Urwals, des Himmelshüters. Erhöht\nMagic Resistance.",105486,81,Representa a una ballena guardiana del\ncielo. Mejora la Resistencia a la Magia.,105839,98,"Une sculpture de la baleine légendaire, gardien-\nne des cieux. Accroît la Résistance à la Magie.",104373,81,"A sculpture of an arcwhale, the guardian of the\nskies. Increases Magic Defense."
444,2150455296,125508,13,Quetya Figur,124863,14,Figura Quetya,125454,15,Symbole Quetya,123037,14,Quetya Figure,62,0,X,X,X,X,X,3,MagDef,0,80,-1,None,0,0,-1,None,0,0,-1,None,0,0,4880,50,4,24,0,106420,96,"Skulptur einer Quetya, Gottheit der Ixa'takaner.\nIhre göttliche Kraft erhöht Magic Resistance.",105567,89,"Figura de un Quetya, deidad de Ixa'taka, sus\npoderes mejoran la Resistencia a la Magia.",105937,97,"Sculpture d'un Quetya, une Déité Ixa'takan. Son\npouvoir divin accroît la résistance à la Magie.",104454,88,"A sculpture of a Quetya, an Ixa'takan Deity.\nIts divine power increases Magic Defense."
445,2150455312,125521,12,Riesenfigur,124877,15,Figura Gigante,125469,17,Symbole du Géant,123051,13,Giant Figure,62,0,X,X,X,X,X,3,MagDef,0,100,-1,None,0,0,-1,None,0,0,-1,None,0,0,5120,50,5,16,0,106516,57,Skulptur in Form eines Riesen.\nErhöht Magic Resistance.,105656,70,Una escultura en forma de gigante.\nMejora la Resistencia a la Magia.,106034,64,Sculpture en forme de géant.\nAccroît la Résistance à la Magie.,104542,62,A sculpture in the form of a giant.\nIncreases Magic Defense.
446,2150455328,125533,14,Bluheim Figur,124892,15,Figura Bluheim,125486,16,Symbole Bluheim,123064,15,Bluheim Figure,62,0,X,X,X,X,X,3,MagDef,0,130,-1,None,0,0,-1,None,0,0,-1,None,0,0,5360,50,6,6,0,106573,72,"Skulptur von Bluheim, dem Gigas von Yafutoma.\nErhöht Magic Resistance.",105726,74,"Figura de Bluheim, el Gigas Yafutoman.\nMejora la Resistencia a la Magia.",106098,76,"Sculpture de Bluheim, le Giga Yafutoman.\nAccroît la Résistance à la Magie.",104604,71,"A sculpture of Bluheim, the Yafutoman Gigas.\nIncreases Magic Defense."
447,2150455344,125547,15,Göttinnenfigur,124907,16,Figura de Diosa,125502,15,Symbole Déesse,123079,15,Goddess Figure,62,0,X,X,X,X,X,3,MagDef,0,160,-1,None,0,0,-1,None,0,0,-1,None,0,0,6800,50,7,17,0,106645,83,"Skulptur der Göttin der Liebe, des Mutes und des\nSieges. Erhöht Magic Resistance.",105800,89,"Figura de la diosa del amor, el coraje y la\nvictoria. Mejora la Resistencia a la Magia.",106174,97,"Statue de la déesse de l'amour, du courage, et\nde la victoire. Accroît la Résistance à la Magie",104675,84,"A sculpture of the goddess of love, courage,\nand victory. Increases Magic Defense."
448,2150455360,125562,11,Vyse Figur,124923,12,Figura Vyse,125517,16,Symbole de Vyse,123094,12,Vyse Figure,62,0,X,X,X,X,X,3,MagDef,0,190,-1,None,0,0,-1,None,0,0,-1,None,0,0,8800,50,8,37,0,106728,55,Schamlose Skulptur von Vyse.\nErhöht Magic Resistance.,105889,73,Descarada copia de la imagen de Vyse.\nMejora la Resistencia a la Magia.,106271,64,Sculpture indécente de Vyse.\nAccroît la Résistance à la Magie.,104759,58,A shameless sculpture of Vyse. \nIncreases Magic Defense.
449,2150455372,125573,11,Kugelfigur,124935,16,Figura Esférica,125533,15,Symbole Sphère,123106,17,Spherical Figure,62,0,X,X,X,X,X,3,MagDef,0,300,-1,None,0,0,-1,None,0,0,-1,None,0,0,13500,50,9,30,0,106783,42,Glühende Kugel.\nErhöht Magic Resistance.,105962,56,Esfera brillante que mejora\nla Resistencia a la Magia.,106335,57,Une sphère brillante.\nAccroît la Résistance à la Magie.,104817,44,A glowing sphere.\nIncreases Magic Defense.
450,2150455392,125584,16,Maschinenklappe,124951,15,Casco de Motor,125548,15,Protège-moteur,123123,13,Engine Cover,62,0,X,X,X,X,X,4,Quick,0,10,6,Dodge%,0,3,-1,None,0,0,-1,None,0,0,800,50,10,12,0,106825,77,Schützt den Motor des Schiffs vor Schmutz und\nerhöht seine Geschwindigkeit.,106018,67,Protege el motor del navío de la\nsuciedad y aumenta su velocidad.,106392,68,Protège l'encrassement du moteur du navire\net augmente sa vitesse.,104861,80,"Protects the ship's engine from getting dirty,\nand increases the ship's Quick."
451,2150455408,125600,11,Turbo Satz,124966,16,Equipo de Turbo,125563,10,Kit Turbo,123136,10,Turbo Kit,62,0,X,X,X,X,X,4,Quick,0,20,6,Dodge%,0,5,-1,None,0,0,-1,None,0,0,1520,50,11,34,0,106902,88,"Modifikation, die die Moon Stone-Leistung\nund damit die Schiffsgeschwindigkeit erhöht.",106085,91,Equipo especial aumenta la salida de energía\nde Piedra Lunar aumentando así la velocidad.,106460,93,"Modification du navire, qui accroît le pouvoir\nde la Pierre de Lune, augmentant sa vitesse.",104941,93,"Ship Modification, that increases the Moon Stone\npower output, increasing the ship's Quick."
452,2150455420,125611,13,Frisier-Satz,124982,17,Mando de Calibre,125573,11,Kit Moteur,123146,12,Bore-up Kit,62,0,X,X,X,X,X,4,Quick,0,30,6,Dodge%,0,8,-1,None,0,0,-1,None,0,0,2400,50,12,7,0,106990,84,"Ein Gerätesatz, der die Motorleistung\nund die Geschwindigkeit des Schiffes erhöht.",106176,82,"Aumenta el motor para crear más potencia\ny descarga, incrementando la velocidad.",106553,98,"Kit élargissant le moteur pour plus de puissance\net de gaz d'échappement, augmentant la vitesse.",105034,90,"A kit that increases engine size for greater\npower and exhaust, increasing ship's Quick."
453,2150455432,125624,16,Doppelpropeller,124999,16,Hélices Gemelas,125584,14,Double Hélice,123158,16,Twin Propellers,62,0,X,X,X,X,X,4,Quick,0,40,6,Dodge%,0,10,-1,None,0,0,-1,None,0,0,3200,50,13,35,0,107074,72,"Zusätzlicher Propeller, der die Geschwindig-\nkeit des Schiffes erhöht.",106258,61,Una hélice adicional que incrementa\nla velocidad del navío.,106651,62,Une hélice supplémentaire qui augmente la\nvitesse du navire.,105124,58,An additional propeller that increases the\nship's Quick.
454,2150455448,125640,12,Lufteinlauf,125015,13,Toma de Aire,125598,14,Arrivée d'Air,123174,11,Air Intake,62,0,X,X,X,X,X,4,Quick,0,80,6,Dodge%,0,12,-1,None,0,0,-1,None,0,0,6800,50,14,0,0,107146,99,"Leitet saubere Luft in den Motor, gleicht Sprit-\nverbrauch aus und erhöht Schiffsgeschwindigkeit.",106319,85,"Introduce aire limpio en el motor, estabiliza el\nconsumo e incrementa la velocidad.",106713,98,"Envoie de l'air pur dans le moteur, stabilisant\nla consommation de fuel & augmentant la vitesse.",105182,90,"Sends clean air into the engine, stabilizing\nfuel consumption and increasing ship speed."
455,2150455460,125652,13,Doppel-Turbo,125028,13,Turbo Gemelo,125612,13,Double Turbo,123185,11,Twin Turbo,62,0,X,X,X,X,X,4,Quick,0,90,6,Dodge%,0,15,-1,None,0,0,-1,None,0,0,8800,50,15,36,0,107245,82,"Ein Turbo-Verbundsatz, der den Motor modifiziert\nund das Schiff schneller macht.",106404,80,Un equipo de turbo que modifica el motor del\nnavío y aumenta así la velocidad.,106811,67,Kit turbo qui modifie le moteur et\naugmente la vitesse du navire.,105272,79,A compound turbo kit that modifies the engine\nand increases the ship's Quick.
456,2150455472,125665,13,Timer-Ventil,125041,17,Salida de Escape,125625,14,Réglage Valve,123196,13,Timing Valve,62,0,X,X,X,X,X,4,Quick,0,100,6,Dodge%,0,17,-1,None,0,0,-1,None,0,0,10800,50,16,32,0,107327,87,"Ventileinstellung, die die Abgase stabilisiert\nund die Schiffsgeschwindigkeit erhöht.",106484,92,Pone a punto las válvulas para reducir el gas\ndel escape del motor y aumenta la velocidad.,106878,91,"Optimise le réglage de la valve pour stabiliser\nles gaz, augmentant la vitesse du navire.",105351,81,"Standardizes valve timing to stabilize engine\nexhaust, increasing ship's Quick."
457,2150455488,125678,17,Dreifacher Turbo,125058,13,Triple Turbo,125639,13,Triple Turbo,123209,13,Triple Turbo,62,0,X,X,X,X,X,4,Quick,0,130,6,Dodge%,0,20,-1,None,0,0,-1,None,0,0,12800,50,17,33,0,107414,96,"Dreifacher Turbosatz für maximale Motorleistung,\nbringt mehr Geschwindigkeit als Doppel-Turbo.",106576,92,"Triple turbo que mejora la potencia del motor\ny la velocidad, aún más que el Turbo Gemelo.",106969,90,Kit triple turbo pour une puissance maximale\net plus d'accélération que le Double Turbo.,105432,98,"A triple turbo kit for maximum engine power, for\na speed boost even greater than the Twin Turbo."
458,2150455504,125695,15,Drehmomentsatz,125071,15,Par de Torsión,125652,11,Kit Couple,123222,16,High Torque Kit,62,0,X,X,X,X,X,4,Quick,0,150,6,Dodge%,0,23,-1,None,0,0,-1,None,0,0,14800,50,18,19,0,107510,127,Verbessert die Haltbarkeit bei mehr U/Min.\nund erhöht so die Schiffsgeschwindigkeit.und erhöht so die Schiffsgeschwindigkeit.,106668,87,Aumenta la resistencia y la potencia subiendo\nlas revoluciones. Aumenta la velocidad.,107059,70,Accroît la solidité augmentant la puissance et\nla vitesse du navire.,105530,82,"Raises durability for greater power through\nhigher RPM's, increasing ship speed."
459,2150455520,125710,12,Doppelwelle,125086,10,Doble Eje,125663,13,Double Tuyau,123238,13,Double Shaft,62,0,X,X,X,X,X,4,Quick,0,200,6,Dodge%,0,26,-1,None,0,0,-1,None,0,0,16640,50,19,10,0,107637,95,"Teilt den Motor in zwei unabhängige Bereiche,\nverdoppelt Leistung und erhöht Geschwindigkeit.",106755,91,"Divide el motor en dos secciones, duplica la\npotencia de descarga y aumenta la velocidad.",107129,77,"Divise le moteur, doublant la\npuissance et augmentant la vitesse du navire.",105612,97,"Splits the engine into two independent stages,\ndoubling power output and increasing ship speed."
460,2150455536,125722,11,Panzerdeck,125096,15,Suelo Blindado,125676,12,Pont Blindé,123251,13,Armored Deck,62,0,X,X,X,X,X,2,Defense,0,10,-1,None,0,0,-1,None,0,0,-1,None,0,0,1000,50,20,5,0,107732,87,"Standardmäßiges Panzerdeck, allgemein im Einsatz.\nVerbessert die Schiffsverteidigung.",106846,76,"Cubierta blindada estándar, disponible\nen todas partes. Mejora la defensa.",107206,75,"Pont blindé normal, facilement disponible.\nAméliore la défense du navire.",105709,69,"A standard armored deck, commonly available.\nImproves ship Defense."
461,2150455552,125733,10,Stahldeck,125111,15,Suelo de Acero,125688,13,Pont d'acier,123264,11,Steel Deck,62,0,X,X,X,X,X,2,Defense,0,20,-1,None,0,0,-1,None,0,0,-1,None,0,0,1900,50,21,31,0,107819,72,Mit mehreren Stahlschichten verstärktes Deck.\nHohe Verteidigungskraft.,106922,77,Cubierta blindada con varias capas de acero.\nTiene un gran poder defensivo.,107281,82,Pont blindé avec plusieurs couches d'acier.\nA un pouvoir défensif très efficace.,105778,73,A deck armored with multiple layers of steel.\nHas high defensive power.
462,2150455564,125743,11,Schrägdeck,125126,14,Suelo Oblicuo,125701,13,Pont Incliné,123275,13,Slanted Deck,62,0,X,X,X,X,X,2,Defense,0,30,-1,None,0,0,-1,None,0,0,-1,None,0,0,2200,50,22,27,0,107891,96,Lenkt Geschosse durch schräge Planken auf dem\nStandard-Panzerdeck ab. Verbessert Verteidigung.,106999,93,"Desvía los proyectiles con placas inclinadas\nen la cubierta, y mejora la defensa del navío.",107363,91,Dévie les tirs avec des plaques inclinées\nrecouvrant le pont blindé. Améliore la défense.,105851,95,Deflects projectiles with slanted plates atop\na standard armored deck. Improves ship Defense.
463,2150455580,125754,12,Verbunddeck,125140,16,Suelo compuesto,125714,13,Pont Composé,123288,14,Compound Deck,62,0,X,X,X,X,X,2,Defense,0,40,-1,None,0,0,-1,None,0,0,-1,None,0,0,5500,50,23,9,0,107987,90,"Deck, das mit Schichten verschiedener Stahlarten\ngepanzert ist. Hohe Verteidigungskraft.",107092,81,Cubierta blindada con capas de aceros\ndistintos. Tiene un gran poder defensivo.,107454,84,Pont blindé avec différentes couches d'acier.\nA un pouvoir défensif très efficace.,105946,75,A deck armored with layers of different steels.\nHas high defensive power.
464,2150455596,125766,17,Schwerpanzerdeck,125156,14,Gran Blindaje,125727,17,Pont superblindé,123302,17,Heavy Armor Deck,62,0,X,X,X,X,X,2,Defense,0,55,-1,None,0,0,-1,None,0,0,-1,None,0,0,6700,50,24,18,0,108077,94,"Deck mit einer Panzerung, die dreimal so dick\nwie der Standard ist. Verbessert Verteidigung.",107173,86,Cubierta con un blindaje de peso tres veces\nsuperior al estándar. Mejora la defensa.,107538,83,Pont au blindage 3 fois plus épais que la\nnormale. Améliore la défense du navire.,106021,87,A deck with armor three times as thick as the\nstandard weight. Improves ship Defense.
465,2150455616,125783,15,Legierungsdeck,125170,15,Suelo Aleación,125744,15,Pont d'alliage,123319,11,Alloy Deck,62,0,X,X,X,X,X,2,Defense,0,70,-1,None,0,0,-1,None,0,0,-1,None,0,0,7300,50,25,2,0,108171,78,Deck mit einer Panzerung u.a. aus\nMoon Stone-Staub. Verbessert Verteidigung.,107259,81,Cubierta blindada con una aleación de\npolvo de Piedra Lunar. Mejora la defensa.,107621,94,Pont blindé d'alliage composé de poussière de\nPierre de Lune. Améliore la défense du navire.,106108,80,A deck armored with an alloy including Moon\nStone dust. Improves ship Defense.
466,2150455628,125798,12,Drachendeck,125185,13,Suelo Dragón,125759,12,Pont Dragon,123330,12,Dragon Deck,62,0,X,X,X,X,X,2,Defense,0,110,-1,None,0,0,-1,None,0,0,-1,None,0,0,7900,50,26,11,0,108249,93,"Panzerdeck, hergestellt von yafutomanischen\nHandwerkern. Verbessert die Verteidigung enorm.",107340,83,Cubierta blindada por artesanos de Yafutoma.\nEs bonita y mejora mucho la defensa.,107715,94,Pont blindé crée par des artisans Yafutoman.\nAméliore considérablement la défense du navire.,106188,95,An armored deck created by Yafutoman craftsmen.\nBeautiful and greatly improves ship Defenses.
467,2150455640,125810,11,Altes Deck,125198,16,Suelo Ancestral,125771,12,Pont Ancien,123342,13,Ancient Deck,62,0,X,X,X,X,X,2,Defense,0,150,-1,None,0,0,-1,None,0,0,-1,None,0,0,8500,50,27,3,0,108342,90,"Panzerdeck aus seltenem, mysteriösem Metall\naus grauer Vorzeit. Verbessert Verteidigung.",107423,89,Cubierta blindada con un metal misterioso de\ntiempos ancestrales que mejora la defensa.,107809,90,Pont blindé en métal rare et mystérieux des\nancien temps. Améliore la défense du navire.,106283,89,"A deck armored with a rare, mysterious metal\nfrom ancient times. Improves ship Defense."
468,2150455656,125821,12,Silber Deck,125214,15,Suelo de Plata,125783,14,Pont d'argent,123355,12,Silver Deck,62,0,X,X,X,X,X,2,Defense,0,200,6,Dodge%,0,1,4,Quick,0,3,-1,None,0,0,11000,50,28,26,0,108432,88,Panzerdeck mit hochwertigen Moon Stones. Ihre\nKraft trägt zur Schiffsverteidigung bei.,107512,69,Cubierta blindada reforzada con Piedras\nLunares. Mejora la defensa.,107899,95,Pont blindé renforcé avec des Pierres de Lune\nde qualité qui améliorent la défense du navire.,106372,93,An armored deck supplemented with high grade\nMoonstones. Their power improves ship Defense.
469,2150455668,125833,16,Glänzendes Deck,125229,16,Suelo Brillante,125797,16,Pont Étincelant,123367,15,Sparkling Deck,62,0,X,X,X,X,X,2,Defense,0,500,6,Dodge%,0,2,4,Quick,0,6,-1,None,0,0,13500,50,29,29,0,108520,88,"Gepanzertes Deck, besetzt mit Moon Stones in 6\nFarben. Verbessert Schiffsverteidigung.",107581,87,Cubierta blindada con un metal misterioso de\nLunares de 6 colores. Mejora la defensa.,107994,87,Pont blindé criblé de Pierres de Lune de 6\ncouleurs différentes. Améliore la défense.,106465,87,An armored deck studded with Moonstones of 6\ndifferent colors. Improves ship Defense.
470,2150455684,125849,9,Intercom,125245,17,Intercomunicador,125813,11,Interphone,123382,9,Intercom,62,0,X,X,X,X,X,7,Value,0,1000,-1,None,0,0,-1,None,0,0,-1,None,0,0,1000,50,30,21,0,108608,88,"System, um zwischen den einzelnen Decks zu\nkommunizieren. Aika nutzt es viel zu gerne.",107668,90,Sistema de comunicación entre cubiertas.\nAika se va a pasar el día colgada del teléfono.,108081,93,Un système pour communiquer entre les ponts.\nDifficile d'empêcher Aika de trop s'en servir.,106552,84,A system for communicating between decks. \nGood luck keeping Aika from abusing it.
471,2150455696,125858,13,Meisterküche,125262,15,Cocina Moderna,125824,17,Cuisine Prestige,123391,17,Enhanced Kitchen,62,0,X,X,X,X,X,7,Value,0,5500,2,Defense,0,1,-1,None,0,0,-1,None,0,0,5500,50,31,13,0,108696,75,"Hochmoderne Küche, in der allabendlich die\ntollsten Menüs gekocht werden.",107758,90,Instalaciones de cocina con tecnología punta\npara preparar cenas ricas todas las noches.,108174,71,Cuisine ultra-moderne pour faire de succulents\ndîners tous les soirs.,106636,77,State-of-the-art cooking facilities for great-\ntasting dinners every night.
472,2150455716,125871,13,Bodenheizung,125277,12,Calefacción,125841,17,Chauffage au Sol,123408,13,Floor Heater,62,0,X,X,X,X,X,7,Value,0,3000,3,MagDef,0,1,-1,None,0,0,-1,None,0,0,3000,50,32,15,0,108771,81,"Nutzt die Motorwärme aus, und macht die\nWohnquartiere angenehm und komfortabel.",107848,87,Aprovecha el calor del motor para mantener\nuna buena temperatura en las dependencias.,108245,87,Utilise la chaleur du moteur pour maintenir les\nlogements à une température agréable.,106713,78,Takes advantage of engine heat to keep\nliving quarters nice and comfortable.
